  0.993538
  0.987595
  0.967380
  0.949728
  0.991664
  0.974608
  0.969953
  0.985066
  0.991331
  0.957006
  0.956631
  0.992688
  0.983883
  0.984452
  0.991976
  0.989984
  0.990527
  0.980060
  0.974780
  0.987560
  0.984616
  0.992750
  0.990227
  0.991668
  0.989024
  0.960593
  0.989043
  0.993882
  0.990714
  0.986757
  0.988142
  0.986956
  0.989369
  0.964219
  0.987562
  0.990049
  0.993346
  0.987015
  0.974982
  0.983855
  0.984615
  0.989481
  0.973688
  0.952182
  0.992645
  0.994429
  0.989524
  0.957182
  0.964359
  0.950448
  0.990312
  0.994049
  0.988240
  0.993143
  0.990006
  0.991764
  0.973383
  0.981723
  0.968864
  0.979411
  0.992986
  0.987332
  0.994194
  0.976542
  0.997126
  0.994522
  0.995697
  0.990270
  0.989825
  0.991520
  0.978570
  0.986267
  0.992860
  0.994225
  0.982768
  0.993572
  0.947289
  0.992746
  0.955298
  0.984839
  0.989656
  0.990403
  0.981340
  0.991150
  0.992290
  0.994631
  0.978134
  0.980960
  0.965661
  0.994264
  0.955054
  0.983785
  0.996967
  0.994115
  0.982849
  0.976163
  0.983090
  0.993209
  0.994592
  0.994131
  0.982449
  0.993697
  0.991522
  0.992662
  0.981750
  0.989910
  0.992752
  0.990067
  0.976256
  0.988502
  0.991737
  0.993639
  0.936150
  0.988230
  0.986129
  0.992296
  0.987879
  0.987911
