  1.286945
  1.652477
  2.596626
  2.456018
  1.367295
  2.398834
  2.446961
  1.991546
  1.320731
  1.880390
  2.833516
  1.439586
  1.648885
  2.091043
  1.770170
  1.522506
  1.311976
  1.802774
  2.336272
  1.433245
  1.615769
  1.502014
  1.611079
  1.391852
  1.723600
  2.089483
  1.988483
  1.365873
  1.635882
  1.614136
  2.228155
  2.189539
  1.606332
  2.634897
  1.614996
  1.646865
  1.352390
  1.699934
  1.797404
  1.916966
  1.770079
  1.651385
  2.160932
  2.313626
  1.626665
  1.074683
  1.391721
  2.661954
  1.853030
  2.316169
  1.188296
  1.553163
  1.578310
  1.396186
  2.022370
  1.400622
  1.975086
  1.807434
  2.567900
  2.386269
  1.412312
  1.879266
  1.185315
  2.163707
  1.367897
  1.072811
  1.095188
  1.772966
  1.650550
  1.346277
  1.864579
  1.628447
  1.788597
  1.360413
  2.128441
  1.375033
  2.751220
  1.244166
  2.412501
  1.217003
  1.703211
  1.601172
  2.560174
  1.737661
  2.040972
  1.084921
  1.850593
  1.812927
  2.736886
  1.363913
  2.488666
  1.802245
  1.434607
  1.357459
  1.757179
  1.691675
  2.322945
  2.302899
  1.581192
  1.429974
  2.231239
  1.270568
  1.791524
  1.653106
  2.059858
  1.533711
  1.462093
  1.452207
  1.765655
  1.699047
  1.620190
  1.828906
  2.815890
  1.528013
  2.353051
  1.541070
  1.937178
  1.298128
