 33.439723
 29.234694
 16.701913
 19.320753
 35.253219
 17.629792
 19.000390
 21.899699
 34.751534
 18.308771
 13.473159
 34.689374
 23.037247
 20.182734
 29.061061
 26.064219
 35.466387
 28.369654
 20.109917
 29.709337
 28.592715
 34.355326
 31.159234
 35.268138
 25.819164
 24.440636
 30.126530
 36.415954
 29.176578
 29.479759
 29.896285
 25.336201
 29.187246
 18.600777
 20.921499
 30.092564
 32.990896
 27.667493
 26.545692
 23.837449
 26.603070
 27.923839
 17.800820
 12.588950
 32.855284
 39.950045
 33.828726
 18.795707
 23.344448
 12.174060
 33.264958
 31.058017
 32.288090
 28.041850
 23.320512
 32.637373
 17.505828
 21.498061
 20.116618
 19.532732
 33.746756
 23.304177
 37.852280
 22.055978
 36.978016
 36.285804
 37.919975
 30.085877
 26.565624
 26.483900
 25.050180
 30.661938
 33.761026
 34.960772
 20.919123
 33.760231
 11.476363
 37.053097
 16.908484
 35.030019
 27.660763
 32.413887
 20.581662
 28.621893
 28.339276
 34.955785
 25.943325
 18.627086
 15.377763
 29.313554
 13.609815
 24.793668
 32.672296
 29.745981
 24.707259
 26.963960
 20.135506
 27.284780
 34.379958
 30.087369
 24.854955
 38.270335
 28.986253
 29.693867
 21.634002
 21.997511
 34.904063
 31.662841
 25.610765
 29.967368
 29.250816
 31.659376
 15.714808
 24.357546
 25.113265
 31.325280
 25.717762
 33.697408
