  1.300732
  1.665833
  2.608442
  2.469686
  1.380798
  2.412964
  2.460706
  2.005072
  1.334338
  1.893921
  2.845882
  1.453345
  1.662556
  2.103442
  1.783496
  1.532458
  1.325763
  1.816597
  2.350112
  1.447047
  1.629761
  1.515680
  1.624841
  1.405597
  1.736938
  2.103271
  2.002271
  1.379720
  1.649811
  1.627777
  2.242029
  2.203186
  1.620068
  2.648750
  1.627502
  1.660533
  1.366180
  1.713786
  1.811218
  1.930701
  1.783417
  1.665167
  2.174194
  2.324396
  1.640511
  1.088464
  1.405403
  2.675723
  1.866821
  2.328491
  1.202008
  1.564972
  1.591571
  1.409723
  2.035878
  1.414386
  1.988257
  1.821370
  2.581299
  2.396002
  1.426060
  1.892904
  1.199072
  2.177473
  1.381877
  1.086589
  1.108948
  1.785052
  1.664337
  1.359930
  1.876750
  1.642242
  1.802411
  1.374176
  2.141836
  1.388806
  2.756177
  1.257975
  2.426062
  1.230780
  1.716654
  1.614939
  2.572266
  1.751353
  2.054565
  1.098633
  1.864461
  1.825575
  2.749402
  1.376816
  2.500163
  1.814341
  1.448346
  1.371149
  1.770862
  1.705121
  2.329950
  2.315321
  1.594543
  1.443628
  2.244100
  1.284375
  1.805786
  1.666888
  2.073590
  1.546313
  1.475844
  1.465973
  1.779480
  1.712762
  1.633398
  1.841729
  2.829724
  1.541046
  2.364955
  1.554749
  1.950521
  1.312093
