 29.451542
 77.555214
1389.597656
760.335205
 19.398066
1122.279907
818.542664
419.865723
 21.773438
959.849731
2922.566650
 22.087315
323.113922
623.457642
 80.718719
160.937958
 18.468925
 94.648766
633.999084
 69.525909
 89.910187
 23.853260
 49.791702
 19.331547
170.280121
233.892746
 63.157860
 14.841746
 78.599998
 73.300079
 66.596573
190.309418
 78.407166
897.434204
525.933105
 63.653744
 32.658085
111.257957
144.049316
268.741943
142.158661
104.880920
1078.942749
3582.492920
 33.693951
  6.577727
 26.928228
858.044189
301.047852
3941.616211
 30.660877
 50.965782
 38.394707
102.069351
302.711670
 35.427708
1154.775391
460.547333
633.021606
724.114319
 27.441303
303.852417
 10.662336
405.025696
 13.040034
 15.293258
 10.497426
 63.751823
143.389709
146.113495
203.264877
 55.832436
 27.351286
 20.749285
526.220825
 27.356297
4628.540039
 12.816535
1325.049194
 20.421070
111.430489
 37.298527
568.740540
 89.308136
 95.313141
 20.773129
165.480911
892.014221
1884.968140
 76.159660
2832.036377
215.632156
 35.143963
 68.941750
219.965424
130.823074
630.274536
121.507286
 23.718353
 63.729931
212.610596
  9.683824
 82.121155
 69.774002
446.354736
410.515228
 21.022003
 44.340061
178.650330
 65.515419
 77.267838
 44.375446
1744.213135
238.410721
200.333633
 47.923927
174.302734
 27.754896
