 29.451529
 77.555168
1389.597656
760.335022
 19.398085
1122.279907
818.542847
419.865662
 21.773438
959.849792
2922.566406
 22.087299
323.114105
623.457397
 80.718712
160.937958
 18.468927
 94.648743
633.999084
 69.525887
 89.910362
 23.853275
 49.791698
 19.331554
170.280121
233.892670
 63.157879
 14.841751
 78.599998
 73.300034
 66.596542
190.309479
 78.407211
897.434204
525.933105
 63.653748
 32.658073
111.257751
144.049316
268.742096
142.158875
104.880936
1078.942871
3582.493652
 33.693928
  6.577727
 26.928225
858.044373
301.047791
3941.616455
 30.660833
 50.965782
 38.394733
102.069382
302.711700
 35.427708
1154.775757
460.546906
633.021851
724.114563
 27.441301
303.852356
 10.662340
405.025879
 13.040031
 15.293242
 10.497429
 63.751823
143.389618
146.113647
203.264954
 55.832432
 27.351271
 20.749281
526.220947
 27.356293
4628.541504
 12.816552
1325.049194
 20.421072
111.430481
 37.298534
568.740662
 89.308220
 95.313141
 20.773136
165.481003
892.013855
1884.968384
 76.159660
2832.036377
215.632095
 35.143982
 68.941727
219.965485
130.823090
630.274536
121.507324
 23.718348
 63.729950
212.610550
  9.683833
 82.121880
 69.774025
446.354492
410.515289
 21.021994
 44.340073
178.650391
 65.515388
 77.267776
 44.375427
1744.212891
238.410721
200.333633
 47.923965
174.302536
 27.755081
