 33.439725
 29.234696
 16.701913
 19.320754
 35.253215
 17.629792
 19.000389
 21.899700
 34.751534
 18.308771
 13.473160
 34.689377
 23.037244
 20.182736
 29.061061
 26.064219
 35.466387
 28.369655
 20.109917
 29.709338
 28.592706
 34.355323
 31.159234
 35.268136
 25.819164
 24.440637
 30.126528
 36.415952
 29.176578
 29.479762
 29.896287
 25.336199
 29.187244
 18.600777
 20.921499
 30.092564
 32.990898
 27.667501
 26.545692
 23.837447
 26.603064
 27.923838
 17.800819
 12.588949
 32.855287
 39.950045
 33.828726
 18.795706
 23.344449
 12.174060
 33.264964
 31.058017
 32.288087
 28.041849
 23.320512
 32.637373
 17.505827
 21.498065
 20.116617
 19.532731
 33.746757
 23.304178
 37.852278
 22.055976
 36.978017
 36.285808
 37.919974
 30.085877
 26.565627
 26.483896
 25.050179
 30.661938
 33.761029
 34.960773
 20.919122
 33.760231
 11.476362
 37.053092
 16.908484
 35.030018
 27.660764
 32.413886
 20.581661
 28.621889
 28.339276
 34.955783
 25.943322
 18.627088
 15.377763
 29.313554
 13.609815
 24.793670
 32.672294
 29.745982
 24.707258
 26.963960
 20.135506
 27.284779
 34.379959
 30.087368
 24.854956
 38.270331
 28.986215
 29.693866
 21.634005
 21.997510
 34.904065
 31.662840
 25.610764
 29.967370
 29.250819
 31.659378
 15.714809
 24.357546
 25.113265
 31.325276
 25.717767
 33.697379
