  0.105780
  0.118042
  0.294521
  0.252808
  0.087781
  0.299805
  0.269684
  0.232971
  0.091327
  0.204517
  0.402637
  0.105042
  0.120898
  0.249506
  0.130774
  0.136609
  0.088312
  0.104065
  0.218255
  0.107122
  0.133545
  0.094781
  0.119458
  0.106781
  0.173462
  0.182243
  0.162000
  0.089567
  0.128540
  0.149377
  0.173242
  0.225812
  0.118042
  0.289925
  0.148671
  0.119080
  0.108496
  0.123210
  0.166052
  0.195258
  0.134796
  0.143225
  0.213507
  0.352240
  0.119808
  0.091193
  0.110741
  0.319487
  0.155538
  0.313187
  0.090485
  0.127588
  0.102020
  0.110303
  0.196259
  0.097253
  0.239844
  0.192952
  0.299927
  0.267920
  0.096861
  0.200500
  0.087183
  0.256339
  0.096598
  0.100505
  0.080042
  0.110266
  0.127173
  0.101978
  0.151937
  0.115051
  0.133864
  0.098053
  0.222534
  0.103027
  0.423022
  0.097656
  0.284540
  0.097302
  0.135234
  0.107646
  0.319596
  0.165862
  0.186871
  0.081238
  0.133606
  0.213542
  0.346558
  0.115514
  0.380615
  0.175598
  0.122369
  0.133331
  0.141559
  0.138831
  0.296466
  0.210246
  0.115118
  0.105334
  0.199097
  0.072156
  0.123657
  0.119543
  0.174188
  0.124829
  0.124777
  0.107574
  0.137360
  0.109674
  0.125751
  0.125631
  0.349609
  0.144397
  0.251848
  0.117615
  0.152466
  0.089355
