  0.104522
  0.116757
  0.293240
  0.251466
  0.086518
  0.297996
  0.268414
  0.231702
  0.090064
  0.203248
  0.401318
  0.103781
  0.119631
  0.248236
  0.129507
  0.135358
  0.087052
  0.102800
  0.216984
  0.105862
  0.131812
  0.093521
  0.118194
  0.105521
  0.171637
  0.180924
  0.160739
  0.088260
  0.127181
  0.148114
  0.171950
  0.224549
  0.116780
  0.288652
  0.147425
  0.117821
  0.107233
  0.121786
  0.164784
  0.193989
  0.133429
  0.141956
  0.212242
  0.350981
  0.118497
  0.089930
  0.109468
  0.318192
  0.154256
  0.311881
  0.089224
  0.126323
  0.100755
  0.109039
  0.194977
  0.095993
  0.238573
  0.191525
  0.298122
  0.266676
  0.095594
  0.199164
  0.085918
  0.255061
  0.095206
  0.099183
  0.078781
  0.109014
  0.125911
  0.100718
  0.150534
  0.113777
  0.132608
  0.096789
  0.221250
  0.101767
  0.422150
  0.096376
  0.283272
  0.096036
  0.133951
  0.106363
  0.318284
  0.164596
  0.185610
  0.079982
  0.132280
  0.212242
  0.345298
  0.114259
  0.379205
  0.174316
  0.121109
  0.132064
  0.140295
  0.137565
  0.295239
  0.208947
  0.113854
  0.104081
  0.197683
  0.070896
  0.121866
  0.118279
  0.172923
  0.123571
  0.123507
  0.106313
  0.136082
  0.108412
  0.124489
  0.124366
  0.348335
  0.143132
  0.250574
  0.116110
  0.151037
  0.087943
