132.615906
214.975403
955.474731
808.046387
 69.192795
741.942383
818.670288
460.827209
 84.330307
740.494507
1323.882568
114.094742
268.785522
579.798035
230.610306
249.354935
 66.404800
238.306671
657.822083
154.099289
240.333405
113.044937
198.297607
111.630081
302.810211
482.142090
283.859344
 89.147003
207.543976
288.779816
363.116516
451.977875
140.487915
933.612244
278.265137
180.927200
132.392929
272.814575
355.155426
437.481262
290.131439
229.162842
692.240540
1218.625366
168.846207
 40.011696
121.985168
1027.723145
411.822601
1104.029419
 75.588478
159.513641
119.261108
113.232407
413.291382
122.505348
691.059998
528.507263
908.697876
705.574829
 96.101105
434.454224
 60.754265
572.826355
 96.930908
 65.815117
 54.508595
194.466110
224.258469
172.733276
382.569977
155.729736
173.859512
101.954453
560.016052
116.340927
1713.226562
 67.638458
920.947266
 63.744202
283.634186
140.262924
684.029968
297.753571
340.725647
 72.915939
350.646027
568.958862
1050.652588
153.112137
1353.367310
434.299164
134.132248
178.324753
322.562866
294.438293
727.729736
445.101166
141.223907
149.562958
506.461548
 40.555733
260.992279
182.595230
517.326721
206.858566
127.291115
158.276947
336.275665
189.694733
220.049072
198.709167
1221.957520
251.068756
569.181824
168.465576
337.970795
103.093544
