 26.904847
 24.806916
 18.328612
 19.056441
 29.730195
 19.427102
 18.999713
 21.495422
 28.870967
 19.435585
 16.912309
 27.558147
 23.836745
 20.498036
 24.502016
 24.162624
 29.908809
 24.359442
 19.949719
 26.252797
 24.322662
 27.598292
 25.157629
 27.652991
 23.319098
 21.299053
 23.599772
 28.629736
 24.959702
 23.525135
 22.530344
 21.579632
 26.654414
 18.429138
 23.686216
 25.555765
 26.912156
 23.772128
 22.626619
 21.721209
 23.504856
 24.529362
 19.728233
 17.272101
 25.855891
 32.108934
 27.267733
 18.012042
 21.983702
 17.700997
 29.346248
 26.102825
 27.365815
 27.591096
 21.968240
 27.249253
 19.735646
 20.900294
 18.546608
 19.645373
 28.303520
 21.751363
 30.295036
 20.550574
 28.266181
 29.947547
 30.766154
 25.242364
 24.623315
 25.757044
 22.303695
 26.207088
 25.728819
 28.046742
 20.648799
 27.473478
 15.792656
 29.828867
 18.488456
 30.086397
 23.603218
 26.661375
 19.780052
 23.392234
 22.806755
 29.502579
 22.682114
 20.579995
 17.916212
 26.280707
 16.816647
 21.752914
 26.855472
 25.618687
 23.044660
 23.440861
 19.511102
 21.646216
 26.631721
 26.382563
 21.085339
 32.050281
 23.964527
 25.515909
 20.993154
 24.974069
 27.082823
 26.136627
 22.863849
 25.350251
 24.705608
 25.148625
 17.260243
 24.132877
 20.578293
 25.865692
 22.842012
 27.998489
