  0.953735
  0.938943
  0.910681
  0.855925
  0.965837
  0.906272
  0.886278
  0.939071
  0.957010
  0.899685
  0.918148
  0.949890
  0.911519
  0.946126
  0.920983
  0.982516
  0.948357
  0.898055
  0.888381
  0.944595
  0.913577
  0.946693
  0.907364
  0.951219
  0.950845
  0.859611
  0.914340
  0.953530
  0.930091
  0.928929
  0.887006
  0.911964
  0.958053
  0.866530
  0.960659
  0.950362
  0.952139
  0.927918
  0.915322
  0.927254
  0.917113
  0.927528
  0.926829
  0.930555
  0.932343
  0.961528
  0.949278
  0.868415
  0.902691
  0.930998
  0.960553
  0.953409
  0.948126
  0.961309
  0.938432
  0.950753
  0.926865
  0.940097
  0.910109
  0.934312
  0.968400
  0.950267
  0.958278
  0.894474
  0.971779
  0.967499
  0.977676
  0.939084
  0.943920
  0.954737
  0.925820
  0.953630
  0.918622
  0.946922
  0.923707
  0.944150
  0.933419
  0.960570
  0.891503
  0.951712
  0.924707
  0.885320
  0.934828
  0.946645
  0.941531
  0.974134
  0.900423
  0.940006
  0.902933
  0.970685
  0.945066
  0.933374
  0.975839
  0.968977
  0.933708
  0.916162
  0.957738
  0.919809
  0.936061
  0.940305
  0.910353
  0.959884
  0.919451
  0.940734
  0.924674
  0.959658
  0.950282
  0.925398
  0.892292
  0.923939
  0.961393
  0.926284
  0.826848
  0.951172
  0.920862
  0.961798
  0.931715
  0.929581
